0 193 204
0 230 288
0 292 379
0 292 383
0 360 477
0 389 507
2 449 574
22 485 656
24 494 674
62 569 773
67 580 783
96 616 832
115 649 869
122 675 898
148 708 965
178 772 1055
183 777 1063
191 791 1075
218 840 1161
238 870 1201
253 900 1256
288 963 1348
288 963 1354
288 967 1364
311 1019 1449
327 1065 1514
340 1092 1546
379 1156 1644
382 1162 1656
383 1162 1658
405 1212 1740
434 1259 1801
450 1280 1836
478 1332 1933
479 1337 1939
485 1355 1955
514 1416 2031
530 1449 2091
545 1476 2126
572 1546 2222
572 1547 2223
576 1550 2227
597 1608 2319
614 1644 2367
629 1661 2416
663 1720 2512
670 1727 2531
675 1741 2540
694 1777 2609
729 1837 2681
734 1847 2703
760 1900 2798
768 1908 2817
778 1933 2853
790 1958 2895
815 2015 2990
822 2028 3010
843 2071 3090
864 2101 3129
881 2123 3161
887 2144 3186
921 2191 3280
938 2221 3341
946 2247 3374
961 2265 3404
978 2306 3473
986 2315 3482
1024 2368 3570
1050 2408 3668
1050 2411 3671
1056 2413 3677
1087 2471 3766
1112 2505 3825
1123 2519 3861
1151 2581 3931
1170 2599 3958
1173 2602 3970
1192 2662 4056
1213 2699 4128
1218 2714 4151
1244 2772 4246
1247 2775 4254
1265 2797 4285
1287 2840 4341
1312 2893 4403
1327 2918 4436
1343 2941 4471
1361 2989 4529
1361 2989 4532
1393 3043 4629
1421 3086 4712
1422 3090 4725
1439 3120 4782
1449 3146 4822
1470 3181 4887
1483 3193 4919
1519 3248 5016
1533 3277 5078
1535 3279 5080
1544 3299 5111
1581 3364 5206
1591 3375 5227
1617 3412 5303
1631 3447 5331
1645 3472 5372
1654 3480 5399
1680 3536 5495
1691 3568 5540
1704 3594 5588
1730 3635 5645
1736 3665 5676
1741 3676 5684
1773 3724 5780
1783 3761 5821
1801 3799 5877
1826 3853 5950
1829 3857 5956
1834 3872 5973
1869 3930 6072
1887 3953 6118
1910 4003 6168
1920 4021 6192
1926 4050 6223
1942 4089 6265
1977 4145 6361
1978 4148 6363
2008 4206 6455
2016 4245 6500
2017 4246 6500
2034 4272 6551
2066 4333 6648
2070 4341 6668
2092 4387 6748
2114 4430 6810
2117 4434 6814
2127 4454 6846
2168 4523 6942
2169 4530 6950
2209 4577 7031
2210 4580 7041
2238 4625 7109
2244 4639 7135
2285 4713 7232
2291 4722 7244
2307 4742 7284
2319 4773 7328
2343 4818 7414
2344 4827 7425
2368 4905 7520
2372 4914 7537
2386 4953 7615
2406 5003 7685
2409 5010 7691
2418 5031 7715
2455 5089 7813
2461 5103 7835
2496 5132 7909
2503 5145 7940
2528 5195 8006
2528 5201 8011
2554 5249 8102
2573 5298 8169
2590 5321 8201
2597 5343 8246
2625 5384 8298
2634 5394 8317
2654 5445 8397
2671 5489 8467
2680 5515 8493
2691 5537 8522
2712 5576 8590
2719 5588 8626
2737 5630 8685
2762 5684 8750
2774 5696 8780
2790 5720 8811
2804 5763 8876
2813 5781 8890
2836 5844 8973
2853 5879 9016
2872 5927 9071
2884 5963 9132
2896 5973 9161
2901 5983 9168
2926 6046 9266
2932 6066 9300
2954 6118 9364
2974 6162 9451
2975 6175 9459
2980 6178 9466
3007 6241 9554
3018 6260 9588
3034 6287 9650
3073 6341 9747
3075 6342 9754
3081 6357 9781
3102 6398 9842
3124 6452 9925
3130 6461 9938
3172 6521 10033
3175 6525 10038
3184 6551 10069
3201 6594 10126
3233 6648 10200
3242 6666 10223
3268 6742 10314
3271 6747 10316
3275 6749 10320
3311 6837 10415
3311 6837 10416
3353 6901 10513
3368 6932 10551
3370 6932 10552
3387 6966 10607
3423 7028 10697
3424 7031 10701
3450 7095 10798
3465 7124 10848
3468 7126 10854
3480 7160 10893
3509 7222 10986
3509 7222 10987
3535 7301 11083
3543 7318 11110
3560 7363 11179
3565 7373 11201
3573 7415 11236
3586 7434 11274
3614 7500 11370
3621 7512 11401
3644 7555 11466
3661 7576 11504
3683 7609 11557
3686 7618 11562
3724 7698 11658
3729 7705 11675
3751 7756 11755
3755 7758 11766
3773 7802 11835
3775 7806 11852
3807 7873 11948
3813 7899 11982
3837 7928 12042
3852 7966 12086
3864 7994 12125
3869 8008 12138
3910 8068 12233
3926 8092 12260
3944 8142 12330
3947 8149 12343
3975 8189 12406
3980 8199 12425
4010 8269 12520
4022 8288 12545
4042 8333 12613
4043 8334 12613
4070 8386 12696
4080 8398 12709
4105 8457 12803
4120 8484 12843
4140 8516 12879
4150 8533 12898
4182 8579 12964
4196 8600 12995
4218 8655 13092
4230 8677 13120
4236 8685 13132
4255 8714 13188
4279 8771 13285
4279 8772 13286
4320 8864 13382
4330 8872 13423
4334 8883 13429
4352 8925 13479
4370 8969 13540
4384 8990 13577
4413 9048 13676
4420 9068 13715
4426 9073 13737
4438 9096 13772
4469 9163 13869
4472 9166 13874
4498 9227 13967
4507 9260 14013
4522 9287 14064
4523 9288 14065
4551 9352 14163
4554 9358 14170
4591 9423 14263
4609 9454 14312
4619 9469 14333
4628 9482 14358
4647 9539 14455
4656 9551 14473
4675 9589 14552
4710 9648 14635
4713 9660 14648
4716 9663 14658
4743 9711 14744
4759 9745 14779
4785 9797 14841
4808 9841 14906
4811 9842 14907
4815 9859 14937
4841 9937 15032
4843 9938 15034
4871 9995 15130
4889 10032 15184
4905 10068 15226
4907 10076 15236
4941 10127 15305
4948 10142 15323
4988 10196 15417
5003 10220 15460
5007 10225 15462
5029 10264 15515
5057 10315 15611
5059 10320 15618
5075 10381 15707
5090 10416 15743
5101 10442 15769
5111 10470 15803
5130 10512 15870
5137 10531 15900
5167 10588 15996
5176 10609 16020
5197 10650 16066
5207 10669 16091
5221 10703 16132
5238 10744 16188
5262 10799 16274
5268 10804 16284
5295 10845 16359
5301 10858 16379
5320 10892 16440
5332 10915 16481
5358 10988 16567
5359 10992 16576
5385 11054 16672
5389 11072 16701
5401 11085 16723
5418 11124 16768
5440 11181 16862
5440 11183 16863
5487 11244 16955
5488 11245 16960
5501 11275 16999
5518 11297 17058
5551 11366 17154
5556 11372 17165
5580 11417 17249
5584 11422 17267
5605 11469 17324
5610 11486 17343
5638 11541 17439
5655 11566 17485
5667 11604 17534
5680 11631 17570
5699 11663 17611
5707 11669 17632
5745 11751 17730
5747 11757 17738
5768 11807 17826
5776 11828 17842
5795 11853 17884
5808 11880 17923
5838 11932 18020
5843 11948 18037
5870 12004 18115
5873 12013 18126
5893 12041 18179
5904 12059 18211
5926 12108 18308
5934 12137 18346
5955 12172 18405
5971 12199 18446
5995 12232 18496
5997 12236 18503
6041 12307 18598
6051 12329 18618
6064 12338 18638
6085 12370 18696
6114 12417 18792
6120 12426 18804
6148 12472 18889
6157 12493 18915
6173 12523 18964
6179 12534 18985
6211 12596 19081
6221 12621 19133
6238 12647 19176
6253 12672 19219
6272 12712 19273
6278 12718 19285
6311 12774 19369
6329 12811 19430
6340 12846 19466
6351 12858 19489
6363 12906 19545
6365 12922 19562
6393 13003 19640
6398 13015 19659
6430 13070 19758
6447 13093 19794
6447 13096 19797
6474 13138 19855
6493 13189 19925
6499 13208 19951
6527 13274 20047
6530 13286 20067
6547 13324 20119
6557 13346 20143
6571 13381 20191
6585 13412 20239
6619 13480 20312
6632 13495 20336
6643 13502 20350
6663 13564 20433
6670 13576 20458
6691 13603 20531
6727 13667 20628
6730 13672 20633
6738 13686 20659
6762 13742 20724
6772 13767 20757
6793 13820 20820
6814 13862 20882
6825 13890 20914
6835 13904 20939
6866 13947 21011
6868 13960 21031
6895 14006 21106
6918 14052 21200
6921 14059 21215
6931 14075 21249
6954 14101 21295
6978 14156 21377
6985 14171 21391
7007 14238 21488
7018 14251 21511
7029 14276 21549
7035 14292 21581
7067 14342 21677
7072 14349 21693
7091 14394 21773
7120 14443 21840
7126 14466 21868
7126 14466 21870
7153 14532 21967
7154 14537 21974
7186 14581 22063
7215 14638 22139
7218 14646 22157
7222 14648 22161
7256 14706 22254
7266 14734 22276
7286 14778 22351
7304 14831 22420
7312 14845 22445
7318 14857 22458
7344 14921 22541
7346 14926 22549
7372 14980 22637
7396 15024 22717
7404 15033 22732
7416 15049 22744
7442 15113 22827
7452 15122 22841
7482 15189 22921
7506 15220 22975
7511 15238 22995
7516 15250 23017
7546 15316 23109
7549 15328 23114
7568 15383 23212
7579 15410 23258
7590 15443 23308
7606 15475 23346
7619 15506 23402
7620 15506 23404
7640 15565 23499
7660 15606 23561
7673 15630 23595
7701 15701 23683
7701 15702 23684
7701 15706 23691
7729 15771 23787
7737 15799 23834
7753 15849 23883
7780 15894 23949
7784 15915 23979
7798 15945 24018
7815 15989 24068
7819 15995 24076
7839 16060 24171
7852 16085 24208
7876 16131 24267
7895 16169 24313
7901 16181 24325
7916 16207 24364
7950 16277 24454
7957 16282 24459
7979 16352 24555
7993 16365 24584
7995 16373 24593
8018 16408 24652
8055 16470 24724
8059 16483 24747
8090 16537 24842
8093 16540 24844
8097 16565 24872
8108 16609 24939
8144 16659 25033
8144 16661 25033
8185 16734 25130
8187 16740 25151
8197 16759 25182
8208 16785 25226
8237 16834 25322
8249 16856 25354
8264 16900 25415
8284 16942 25475
8287 16953 25486
8290 16962 25511
8329 17038 25607
8335 17049 25626
8354 17091 25702
8381 17142 25796
8382 17145 25798
8382 17145 25799
8424 17201 25895
8443 17241 25958
8452 17251 25991
8475 17284 26041
8493 17321 26088
8503 17338 26130
8521 17370 26185
8536 17430 26280
8536 17434 26282
8563 17495 26376
8572 17519 26423
8573 17529 26427
8585 17554 26472
8626 17626 26567
8626 17626 26569
8648 17681 26666
8659 17723 26704
8669 17743 26724
8677 17760 26761
8696 17818 26834
8699 17832 26855
8729 17901 26952
8732 17914 26965
8766 17961 27037
8767 17965 27048
8786 18009 27118
8795 18031 27145
8835 18104 27240
8836 18106 27241
8863 18171 27330
8865 18181 27336
8876 18200 27368
8899 18257 27433
8918 18296 27492
8929 18309 27530
8959 18354 27585
8979 18390 27626
8979 18392 27627
9011 18457 27724
9022 18487 27776
9029 18509 27819
9055 18576 27911
9055 18577 27915
9062 18585 27939
9085 18647 28012
9098 18681 28064
9112 18717 28106
9134 18758 28202
9149 18777 28231
9151 18780 28232
9172 18822 28297
9204 18876 28393
9205 18877 28394
9231 18928 28489
9248 18967 28539
9248 18971 28543
9257 19001 28586
9284 19066 28678
9288 19069 28684
9316 19113 28778
9342 19150 28827
9347 19165 28862
9349 19173 28872
9389 19240 28971
9397 19259 28996